
Density
8, 21, 8, 15, 26, 37, 48, 58, 62, 70,
70, 68, 60, 49, 42, 40, 38, 36, 28, 34,
11, 20, 35, 38, 38, 40, 41, 42, 30, 44,
46, 48, 50, 51, 52, 39, 56, 75, 94, 109,
119, 128, 128, 121, 109, 76, 67, 64, 56, 52, -1, -1, 10, 31, 56, 66, 87, 108, 114, 112, 68, 76, 84, -1, 50, -1, -1, -1, -1, -1, -1, -1, -1, -1, -1, -1, -1, -1, -1, -1, -1, -1, -1, -1, 

Electroneg
71, -1, 32, 50, 66, 82, 98, 110, 128, -1, 30, 42, 52, 61, 70, 83, 102, -1, 26, 32, 44, 50, 52, 54, 50, 59, 60, 62, 61, 53, 58, 64, 70, 82, 95, 96, 26, 30, 39, 43, 52, 70, 61, 71, 74, 71, 62, 54, 57, 63, 66, 68, 86, 84, 26, 28, 36, 36, 36, 36, 36, 38, 38, 38, 36, 39, 40, 40, 40, 36, 41, 42, 48, 76, 61, 71, 71, 74, 82, 64, 52, 75, 65, 64, 71, -1, 22, 29, 36, 42, 48, 44, 44, 41, 42, 41, 42, 42, 42, 42, 42, 42, -1, -1, -1, -1, -1, -1, -1, -1, -1, -1, -1, -1, -1, -1, -1, -1, 

Bp
0, 0, 35, 60, 92, 94, 2, 2, 2, 0, 25, 30, 61, 69, 12, 16, 5, 2, 22, 38, 68, 78, 80, 64, 48, 68, 70, 70, 70, 26, 54, 68, 20, 21, 7, 2, 21, 36, 78, 102, 110, 107, 99, 96, 86, 70, 53, 22, 51, 62, 40, 28, 10, 4, 20, 46, 82, 79, 78, 74, 72, 46, 40, 77, 76, 62, 66, 68, 48, 32, 80, 106, 125, 127, 128, 116, 102, 90, 68, 14, 38, 44, 40, 27, 14, 4, 20, 44, 82, 111, 94, 92, 93, 76, 63, 74, -1, -1, -1, -1, -1, -1, -1, -1, -1, -1, -1, -1, -1, -1, -1, -1, -1, -1, -1, -1, -1, -1, 

Mp
0, 0, 16, 52, 79, 128, 2, 2, 2, 1, 12, 31, 32, 57, 10, 13, 6, 3, 12, 38, 61, 66, 74, 74, 51, 61, 60, 58, 46, 24, 10, 41, 36, 16, 9, 4, 10, 36, 60, 72, 92, 98, 82, 88, 76, 62, 42, 20, 14, 17, 30, 24, 13, 6, 10, 34, 40, 36, 40, 44, 46, 46, 37, 54, 55, 56, 58, 60, 61, 37, 65, 84, 111, 124, 116, 112, 92, 69, 45, 8, 20, 20, 18, 18, 20, 7, 10, 33, 44, 71, 62, 48, 30, 30, 49, 54, 42, 40, 38, 60, 37, 37, 64, -1, -1, -1, -1, -1, -1, -1, -1, -1, -1, -1, -1, -1, -1, -1, 

Atomic Radius
12, 16, 72, 52, 42, 34, 32, 30, 24, 25, 88, 74, 62, 54, 49, 49, 49, 35, 108, 88, 79, 69, 66, 69, 69, 69, 66, 66, 66, 66, 64, 62, 56, 56, 56, 50, 116, 98, 88, 76, 72, 72, 66, 64, 66, 69, 79, 76, 76, 72, 72, 69, 69, 61, 128, 106, 96, 91, 91, 91, 91, 91, 91, 88, 86, 86, 86, 86, 86, 86, 86, 76, 72, 66, 66, 64, 66, 66, 66, 74, 94, 88, 79, 94, -1, 66, 128, 106, 96, 88, 88, 86, 86, 86, 86, 66, -1, -1, -1, -1, -1, -1, -1, -1, -1, -1, -1, -1, -1, -1, -1, -1, -1, -1, -1, -1, -1, -1, 

Atomic Volume
26, -1, 24, 9, 8, 8, 31, 25, 31, 30, 42, 25, 18, 22, 30, 28, 41, 52, 82, 54, 27, 19, 16, 13, 2, 13, 12, 12, 13, 16, 22, 24, 24, 30, 42, 70, 100, 60, 36, 26, 20, 17, 16, 15, 15, 16, 18, 24, 28, 30, 33, 37, 46, 67, 128, 70, 38, 37, 38, 37, 40, 36, 52, 36, 34, 34, 34, 33, 32, 44, 32, 24, 20, 17, 16, 16, 16, 16, 18, 26, 31, 32, 38, 40, -1, 91, -1, 82, 40, 36, 27, 22, 21, 22, 32, 33, -1, -1, -1, -1, -1, -1, -1, -1, -1, -1, -1, -1, -1, -1, -1, -1, -1, -1, -1, -1, -1, -1, 

Valence electron potential
128, -1, 2, 8, 20, -1, 58, 2, 1, -1, 2, 4, 86, 16, 20, 17, 1, -1, 1, 3, 6, 10, 13, 18, 24, 7, 4, 4, 4, 4, 8, 12, 8, 13, 1, -1, 1, 2, 5, 8, 11, 10, 19, 7, 7, 4, 1, 3, 6, 9, 6, 6, 0, -1, 1, 2, 4, 4, 4, 4, 4, 5, 5, 5, 5, 5, 5, 5, 6, 6, 6, 8, 12, 15, 19, 10, 10, 10, 6, 3, 1, 2, 4, 2, -1, -1, 1, 2, 4, 6, 10, 18, 10, 7, 4, 4, 5, 4, -1, -1, -1, 3, -1, -1, -1, -1, -1, -1, -1, -1, -1, -1, -1, -1, -1, -1, -1, -1, 

enth of atomis
34, -1, 24, 50, 88, -1, 72, 38, 12, -1, 16, 22, 50, 67, 48, 42, 18, -1, 14, 28, 52, 72, 78, 18, 43, 64, 4, 64, 52, 20, 42, 58, 46, 32, 17, -1, 12, 25, 64, 92, 114, 100, 99, 92, 85, 60, 44, 18, 37, 46, 40, 29, 16, -1, 12, 27, 66, 58, 56, 49, 48, 32, 28, 54, 48, 46, 46, 48, 38, 28, 61, 108, 120, 128, 121, 102, 96, 86, 56, 10, 28, 30, 32, 20, 14, -1, 11, 25, 46, 86, -1, 75, -1, 55, 41, -1, -1, -1, -1, -1, -1, -1, -1, -1, -1, -1, -1, -1, -1, -1, -1, -1, -1, -1, -1, -1, -1, -1, 

enth of fus
-1, -1, 5, 12, 27, 128, 1, -1, 1, -1, 4, 11, 14, 49, 4, 1, 8, 1, 2, 11, 20, 26, 22, 18, 17, 18, 18, 22, 16, 8, 8, 42, 34, 6, 14, 2, 2, 11, 20, 28, 33, 34, 30, 30, 27, 20, 14, 8, 4, 8, 26, 17, 18, 4, 2, 10, 12, 11, 14, 8, 16, 14, 12, 20, 20, 20, 20, 20, 22, 11, 23, 32, 38, 42, 40, 36, 32, 24, 16, 2, 5, 6, 12, 12, 30, 4, -1, 8, 17, 23, 20, 20, 11, 4, 17, -1, -1, -1, -1, -1, -1, -1, -1, -1, -1, -1, -1, -1, -1, -1, -1, -1, -1, -1, -1, -1, -1, -1, 

enth of vap
-1, -1, 23, 48, 78, 110, 1, 1, 0, 0, 16, 20, 45, 60, 8, 2, 3, 1, 12, 24, 58, 66, 72, 53, 34, 53, 60, 58, 48, 18, 42, 51, 5, 14, 4, 2, 12, 24, 57, 88, 106, 92, 91, 88, 76, 56, 40, 16, 36, 46, 26, 16, 6, 2, 10, 24, 62, 62, 56, 51, -1, 26, 28, 47, 60, 46, 47, 44, 38, 24, 66, 88, 118, 128, 110, 114, 95, 73, 54, 9, 26, 28, 28, 16, -1, 3, -1, 22, 46, 80, 74, 65, 52, 54, 37, -1, -1, -1, -1, -1, -1, -1, -1, -1, -1, -1, -1, -1, -1, -1, -1, -1, -1, -1, -1, -1, -1, -1, 

ther cond
54, 45, 26, 60, 8, 40, 8, 8, 8, 14, 42, 46, 70, 44, 0, 0, 2, 6, 30, 60, 4, 6, 9, 28, 2, 24, 30, 27, 120, 34, 12, 18, 15, 0, 0, 3, 18, 10, 5, 6, 16, 41, -1, 35, 45, 22, 128, 29, 24, 20, 8, 1, 0, 2, 10, 6, 4, 4, 4, 5, 6, 4, 4, 3, 4, 3, 5, 4, 5, 12, 5, 7, 17, 52, 14, 26, 44, 22, 95, 2, 14, 10, 2, 6, 0, 1, -1, 6, 4, 16, 14, 8, 2, 2, 3, -1, 3, -1, -1, -1, -1, -1, -1, -1, -1, -1, -1, -1, -1, -1, -1, -1, -1, -1, -1, -1, -1, -1, 

ther expoa
-1, -1, 60, 15, 75, -1, -1, -1, -1, -1, 94, 32, 30, 4, -1, -1, -1, -1, 110, 30, 14, 12, 11, 6, 28, 16, 17, 18, 22, 40, -1, 8, -1, 49, -1, -1, -1, 30, 14, 8, 10, 6, -1, 8, 11, 16, 25, 40, 42, 29, 14, -1, -1, -1, 128, 27, 16, 8, 9, 12, 0, 17, 46, 12, 14, 13, 15, 16, 18, 34, 13, 8, 8, 6, 8, 6, 8, 12, 18, 80, 40, 38, 18, 31, -1, -1, -1, -1, -1, 14, -1, 18, -1, 62, -1, -1, -1, -1, -1, -1, -1, -1, -1, -1, -1, -1, -1, -1, -1, -1, -1, -1, -1, -1, -1, -1, -1, -1, 



4,6,
                                          7,2,5,4,4,4,3,6,
                                          7,2,8,5,4,4,3,6,
                                          7,2,1,1,1,1,1,1,1,1,1,1,8,5,5,4,3,6,
                                          7,2,1,1,1,1,1,1,1,1,1,1,8,8,5,5,3,6,
                                          7,2,9,9,9,9,9,9,9,9,9,9,9,9,9,9,9,1,1,1,1,1,1,1,1,1,8,8,8,5,3,6,
                                          7,2,10,10,10,10,10,10,10,10,10,10,10,10,10,10,10,11,11,11,11,11,11,11,11,11,11,11,11,11,11,11);